b1 : 1.0
c0 : -0.00
c1 : 0.00
c2 : 0.200667280797746
c3 : 0.799332719189711
