b1 : 0.0296848838
c0 : -0.00
c1 : 0.00
c2 : 0.895780205430489
c3 : 0.104219794536274
