b1 : 0.5
c0 : 0.00
c1 : -0.00
c2 : 0.334957234092654
c3 : 0.665042765984750
